1659805201,4.8,50132,81
1659808801,3.6,56579,77
1659812401,7.2,53340,155
1659816001,0,42376,8
1659819601,14.4,49452,383
1659823201,0,49421,11
1659826801,3,65553,97
1659830401,0,39758,9
1659834001,2.4,62305,68
1659837601,2.4,64570,72
1659841201,18.6,52180,419
1659844801,4.8,60419,101
1659848401,0,64995,11
1659852001,0,61152,12
1659859201,0.6,52173,28
1659862801,0.6,64105,42
1659866401,17.4,57396,244
1659870001,0.6,94035,28
1659873602,0.6,71200,28
1659877201,0.6,52259,47
1659880801,1.8,63053,62
1659884401,9,59699,210
1659888001,21,54952,430
1659891601,12.6,46051,384
1659895201,18.6,34450,723
1659898801,18.6,45362,993
1659902402,21,46880,673
1659906001,13.8,46666,242
1659909601,15,45136,587
1659913201,1.2,59923,75
1659916801,3.6,45875,242
1659920401,5.4,44707,374
1659924001,1.8,61205,87
1659927601,0.6,93382,23
1659931202,0.6,91548,18
1659934801,0.6,83052,22
1659938401,0,81406,15
1659942001,0,89089,19
1659945601,0.6,66403,37
1659949201,4.8,47748,329
1659956401,4.2,23279,208
1659960001,3.6,30563,243
1659963602,53.4,25809,1300
1659967201,20.4,20774,1399
1659970801,6.6,22830,465
1659974401,0,71600,16
1659978001,0,56293,14
1659981601,4.2,22065,424
1659985201,1.2,59557,21
1659988801,0,59025,13
1659992402,0.6,57527,31
1659996001,0.6,83591,18
1659999601,0,66016,18
1660003202,0.6,66016,18
1660006801,0,59373,14
1660010401,0,59045,13
1660014001,4.8,23628,416
1660017601,1.2,22266,131
1660021201,1.8,24597,134
1660024801,3,23150,220
1660028401,1.8,24570,135
1660032001,1.2,24705,149
1660035601,2.4,26800,151
1660039202,0.6,38607,28
1660046401,0,68828,17
1660050001,0.6,74862,21
1660053601,6,21210,571
1660057201,2.4,24582,135
1660060801,5.4,33106,221
1660064402,11.4,23988,748
1660068001,11.4,21069,1039
1660071601,3,24638,133
1660075201,4.2,28653,261
1660078801,0,59783,13
1660082401,1.2,42097,41
1660086001,0,54121,15
1660089601,0.6,58769,30
1660093201,0,59549,14
1660096801,0,40836,9
1660100402,0.6,60168,21
1660104001,0,56494,14
1660107602,0.6,68986,17
1660111202,0.6,77746,20
1660114802,0,56510,14
1660118401,0.6,52630,38
1660125601,0,40836,9
1660129201,0,40836,9
1660132802,2.4,24262,243
1660136401,0.6,32110,16
1660140001,0,56512,14
1660143601,1.8,29381,134
1660147201,0,59252,13
1660150801,0,40836,9
1660154401,0,62448,12
1660158002,0,40836,9
1660161601,0,40836,9
1660165202,0.6,49361,29
1660168801,1.2,42110,41
1660172401,0.6,71196,29
1660176001,0,56567,14
1660179601,0.6,68796,18
1660183201,0,40836,9
1660186801,0,54692,15
1660190401,0,40836,9
1660194001,0,40836,9
1660197601,0,40836,9
1660201201,0,54197,15
1660204801,0.6,54443,36
1660208401,0.6,53740,37
1660212001,0,69107,17
1660219201,1.8,29011,101
1660222801,0,40836,9
1660226401,0.6,69039,17
1660230001,10.8,25878,599
1660233602,33.6,26130,1606
1660237201,3.6,25549,128
1660240801,0,65376,11
1660244402,0,61691,12
1660248001,0,58553,13
1660251601,11.4,24815,890
1660255201,1.8,24289,160
1660258802,1.8,37226,30
1660262401,0,42400,8
1660266001,0,61870,13
1660269601,0,42400,8
1660273201,0,74733,15
1660276801,0,65423,11
1660280401,0,42400,8
1660284001,0,42400,8
1660291201,0.6,48334,32
1660294801,0.6,50414,30
1660298402,0,42400,8
1660302002,0,42400,8
1660305601,0,42400,8
1660309201,0,53557,15
1660312801,0,65073,11
1660316401,3.6,46898,70
1660320001,1.2,30351,85
1660323601,0,74502,15
1660327201,1.2,27388,124
1660330801,10.2,21392,985
1660334401,6,22827,417
1660338001,0.6,42867,37
1660341601,1.2,46468,46
1660345201,0,42400,8
1660348802,0.6,63304,19
1660352405,0.6,73867,22
1660356001,1.8,25937,97
1660359602,0,42400,8
1660363201,0,65833,11
1660366801,0,42400,8
1660370401,0,58513,13
1660374001,0,42400,8
1660377601,0.6,51142,29
1660384801,0,74630,15
1660388402,0,61648,12
1660392001,0,42400,8
1660395601,0,42496,4
1660399201,0,42400,8
1660402801,0,65143,11
1660406401,0,42400,8
1660410001,0,42400,8
1660413601,0,42400,8
1660417201,0,65260,11
1660420801,0,74494,15
1660424402,0,40836,9
1660428001,7.2,22792,620
1660431601,0,58454,13
1660435202,0,42400,8
1660438805,0.6,43037,24
1660442401,0,42400,8
1660446001,0,42400,8
1660449602,0.6,63291,19
1660453202,0,42400,8
1660456801,0,65318,11
1660460401,0,42400,8
1660467602,0.6,41921,27
1660471201,0,78395,14
1660474801,0,42400,8
1660478401,0,42400,8
1660482001,0,42400,8
1660485601,0,42400,8
1660489202,0,42400,8
1660492801,0,42400,8
1660496401,0,42400,8
1660500001,0,71208,16
1660503601,0,42400,8
1660507201,0,42400,8
1660510801,0,40836,9
1660514401,0.6,35546,37
1660518002,0,42400,8
1660521602,0,65318,11
1660525201,0,42373,10
1660528801,0,58484,13
1660532401,0,65329,11
1660536001,0,42400,8
1660539601,0.6,68279,17
1660543202,0,61627,12
1660546801,0.6,68279,17
1660550401,0.6,58196,32
1660554001,0.6,41921,27
1660557601,0,58494,13
1660561202,0,42400,8
1660564801,0,42400,8
1660572001,0,42400,8
1660575601,0,42400,8
1660579201,0,65341,11
1660582801,0,42400,8
1660586402,0,42400,8
1660590002,0,42400,8
1660593601,0,42400,8
1660597201,0,40836,9
1660600801,1.2,53362,46
1660604401,0,42400,8
1660608001,0,53489,15
1660611601,0,42373,10
1660615201,0,78432,14
1660618801,0,65329,11
1660622401,0,42400,8
1660626001,0,42400,8
1660629601,0.6,77008,20
1660636801,0.6,51133,29
1660640401,0.6,48534,32
1660644001,0,55845,14
1660647601,0,61669,12
1660651201,0,58533,13
1660654802,0,65376,11
1660658401,0,58533,13
1660662001,0,42400,8
1660665601,0,65376,11
1660669201,0,58543,13
1660672801,0,42400,8
1660676401,0,42400,8
1660680002,0,65388,11
1660683601,0,40836,9
1660687201,0.6,35573,37
1660690801,0,42400,8
1660694401,0,65411,11
1660698001,0,56389,15
1660701601,0,69866,10
1660705202,0,40007,9
1660708801,0,42400,8
1660712402,0,42400,8
1660716001,0,42400,8
1660719601,0,42400,8
1660723201,0.6,51168,29
1660730401,0.6,61274,20
1660734001,0,42400,8
1660737601,0,42400,8
1660741201,0,42400,8
1660744802,0,42400,8
1660748401,0,42400,8
1660752001,0,42400,8
1660755602,0,42400,8
1660759201,0,55909,14
1660762801,0,42400,8
1660766401,0,42400,8
1660770001,0,62373,12
1660773602,0.6,35445,37
1660777202,0,42400,8
1660780801,0.6,74818,15
1660784402,0,61909,13
1660788001,0,42400,8
1660791602,0,58631,13
1660795202,0,42400,8
1660798801,0,42400,8
1660802401,0,61776,12
1660806001,0,83156,13
1660809601,0.6,49247,31
1660816801,0,65516,11
1660820402,0,65516,11
1660824001,0,42400,8
1660827601,0.6,35430,37
1660831201,0,42400,8
1660834801,0,42400,8
1660838401,0,42400,8
1660842002,0,42400,8
1660845601,0,58651,13
1660849201,0,42400,8
1660852802,0,42400,8
1660856401,0,40836,9
1660860001,0,42400,8
1660863601,0,61799,12
1660867201,0.6,67727,25
1660870801,0,61938,13
1660874401,0,42402,8
1660878001,0,42402,8
1660881601,0,42400,8
1660885202,0,42400,8
1660888801,0,65516,11
1660892401,0,69982,10
1660896001,0.6,41639,27
1660899601,0.6,41921,27
1660903201,0,58651,13
1660906801,0,65516,11
1660914001,0.6,35579,37
1660917601,0,42400,8
1660921201,0,62842,13
1660924801,0,74767,15
1660928401,0,71401,16
1660932001,0,65446,11
1660935601,1.8,24185,149
1660939201,0,42400,8
1660942801,0,62361,12
1660946402,0,42400,8
1660950001,0,42400,8
1660953602,0,65457,11
1660957201,0,61889,13
1660960801,0,42400,8
1660964401,0,42400,8
1660968001,0,42400,8
1660971601,0,42400,8
1660975201,0,42400,8
1660978801,0,42400,8
1660986001,0.6,41921,27
1660989601,0,61755,12
1660993201,0,42400,8
1660996801,0,42400,8
1661000401,0.6,35563,37
1661004001,0,42400,8
1661007601,0,65469,11
1661011201,0,42400,8
1661014801,0,42400,8
1661018401,0,65469,11
1661022002,0,42400,8
1661025602,0,58622,13
1661029201,0,62384,12
1661032801,0,61765,12
1661036401,0,65481,11
1661040001,0,42400,8
1661043602,0,61909,13
1661047202,0,42400,8
1661050801,0,42400,8
1661054401,0,42400,8
1661058002,0,42400,8
1661061601,0,65492,11
1661065201,0,42400,8
1661068801,0.6,57182,33
1661076001,0,42400,8
1661079602,0,65504,11
1661083201,0,55945,14
1661086801,0.6,35494,37
1661090401,0,42400,8
1661094001,0,61787,12
1661097602,0,74852,15
1661101201,1.2,27107,79
1661104801,0,42400,8
1661108401,0,42400,8
1661112001,0,69955,10
1661115601,0,54093,15
1661119201,0,65492,11
1661122801,0,61776,12
1661126402,0,71464,16
1661130001,0,61919,13
1661133601,0,42400,8
1661137201,0,42400,8
1661140801,0,42400,8
1661144402,0,42400,8
1661148001,0,42400,8
1661155201,0.6,46739,34
1661158801,0.6,41921,27
1661162401,0,61776,12
1661166001,0,58631,13
1661169601,0,65492,11
1661173201,0.6,47180,45
1661176801,0,42400,8
1661180402,0.6,89754,21
1661184001,0.6,80244,19
1661187601,0,42400,8
1661191201,0,65492,11
1661194802,0.6,80264,19
1661198401,0,78706,14
1661202002,0,54103,15
1661205601,0,78743,14
1661209201,0.6,93280,20
1661212802,0.6,68535,17
1661216401,0.6,76682,21
1661220001,0,55963,14
1661223601,0,42400,8
1661227201,0,65888,18
1661230801,0,42400,8
1661234401,0,42400,8
1661238001,0,42400,8
1661245202,0.6,41169,28
1661248802,0,42400,8
1661252401,0,42400,8
1661256002,0,42400,8
1661259601,0.6,42456,40
1661263201,0,42400,8
1661266801,0.6,77334,20
1661270402,0,42400,8
1661274001,0,42400,8
1661277601,0,49790,17
1661281201,0,42400,8
1661284801,0.6,83650,18
1661288401,0.6,30306,53
1661292001,2.4,25476,177
1661295602,5.4,24985,362
1661299201,1.2,59607,23
1661302801,0,40417,11
1661306426,0.6,68610,17
1661310001,0,91566,16
1661317201,0.6,41364,36
1661320801,0.6,62534,11
1661324401,0,41304,8
1661328001,0.6,41345,26
1661331601,0.6,40866,27
1661338801,3,19426,128
1661342401,2.4,29791,42
1661346001,1.2,62518,19
1661349601,0,41306,8
1661353201,18,19407,618
1661356801,25.8,20671,708
1661360401,23.4,19293,527
1661364002,13.2,19829,361
1661367602,51,18254,1085
1661371201,37.8,18989,487
1661374801,27,19238,464
1661378401,5.4,20053,119
1661382001,4.2,25810,66
1661385601,0.6,59417,12
1661389201,0.6,59798,13
1661392801,4.8,22030,159
1661396401,0.6,62755,11
1661400001,0,41306,8
1661403602,0,41304,8
1661407201,0,41304,8
1661414401,0.6,41343,26
1661418001,0.6,40864,27
1661421601,0,41304,8
1661425201,0,41306,8
1661428801,0.6,80407,23
1661432401,10.2,20176,244
1661436001,10.2,19371,133
1661439601,5.4,24116,132
1661443202,9,18746,240
1661446801,13.2,20227,230
1661450402,12.6,25472,72
1661454001,14.4,19843,433
1661457602,1.8,59029,35
1661461201,0.6,60439,12
1661464801,0,41304,8
1661468401,6,30251,117
1661472001,1.2,47490,19
1661475601,1.2,71192,22
1661479201,0.6,55096,14
1661482801,0.6,63347,11
1661486401,0,41306,8
1661490001,0.6,63348,11
1661493601,0,41304,8
1661497202,0.6,59567,12
1661504401,0.6,48996,30
1661508001,3,29581,43
1661511601,0.6,59573,12
1661515201,0,63359,11
1661518801,1.2,35378,13
1661522401,0.6,63359,11
1661526001,1.2,47339,17
1661529601,3,22816,103
1661533201,0,63360,11
1661536801,13.8,21504,318
1661540401,0.6,74194,20
1661544001,0.6,63359,11
1661547602,3.6,22013,126
1661551201,0.6,59573,12
1661554801,0,41304,8
1661558401,0,41306,8
1661562001,0,41280,10
1661565601,8.4,22057,275
1661569201,0.6,63359,11
1661572801,0,41304,8
1661576401,0,63348,11
1661580001,0,41304,8
1661583601,0.6,63348,11
1661587201,0.6,41345,26
1661590801,0.6,40866,27
1661594401,0,41306,8
1661598001,0.6,53641,14
1661601601,0.6,59588,12
1661608801,0,41304,8
1661612401,0,41280,10
1661616001,0,41306,8
1661619601,0.6,75962,14
1661623201,1.2,37299,42
1661626801,0.6,63360,11
1661630402,0,41304,8
1661634001,0.6,60449,12
1661637601,0,41304,8
1661641201,1.2,64327,31
1661644802,0,41304,8
1661648401,0.6,59945,13
1661652001,0.6,75961,14
1661655601,0,41304,8
1661659201,0,41304,8
1661662802,0,41304,8
1661666401,0,41304,8
1661670001,0.6,63359,11
1661673601,0.6,41344,26
1661677201,0.6,40865,27
1661680801,0,41304,8
1661688001,0.6,53195,14
1661691601,0.6,35378,13
1661695201,0,48871,11
1661698801,0,41304,8
1661702402,0,41304,8
1661706001,0.6,44117,13
1661709602,0,41304,8
1661713201,0,41304,8
1661716801,0,41304,8
1661720401,0,39861,9
1661724001,0,41304,8
1661727601,0,62753,11
1661731201,1.2,87877,25
1661734801,2.4,45238,20
1661738401,0,41304,8
1661742001,0,63335,11
1661745601,0,41304,8
1661749201,0,41304,8
1661752801,0,41304,8
1661756401,0,41304,8
1661760001,0.6,41344,26
1661763601,0.6,40866,27
1661770801,0,63335,11
1661774401,0,41304,8
1661778001,0.6,35373,13
1661781601,0,41304,8
1661785201,0,41304,8
1661788801,0,63347,11
1661792401,0.6,56375,13
1661796001,0,41304,8
1661799602,0,41304,8
1661803201,0,41304,8
1661806801,0,39861,9
1661810401,0,41304,8
1661814001,0,41304,8
1661817601,0.6,59597,12
1661821201,0,59964,13
1661824801,0.6,59597,12
1661828401,1.8,29290,55
1661832001,0.6,76016,14
1661835601,0,41304,8
1661839201,0.6,53659,14
1661842801,0,41304,8
1661846401,0.6,55355,33
1661850001,0.6,40865,27
1661853601,0.6,56405,13
1661857201,0.6,76034,14
1661864402,0.6,35374,13
1661868001,0.6,49214,16
1661871601,0.6,68792,16
1661875201,0,41304,8
1661878801,3.6,35298,65
1661882401,0,41304,8
1661886001,0,41304,8
1661889601,0.6,63440,11
1661893201,0,39861,9
1661896802,0,41304,8
1661900401,0,41304,8
1661904001,1.2,74347,20
1661907601,0.6,60023,13
1661911201,0.6,56454,13
1661914801,0,41304,8
1661918401,0,41304,8
1661922001,0,41304,8
1661925601,0,41304,8
1661929201,0.6,49238,16
1661932801,1.8,36969,65
1661936401,0.6,44593,35
1661943601,0,41304,8
1661947202,0,63452,11
1661950801,1.2,62884,19
1661954401,0,41304,8
1661958001,0,41304,8
1661961602,0,41304,8
1661965201,0,41304,8
1661968801,0,41304,8
1661972401,0,41304,8
1661976001,0,41304,8
1661979601,0,39861,9
1661983201,0.6,63510,11
1661986802,0,41304,8
1661990402,0.6,59736,12
1661994001,1.2,66407,26
1661997601,0,63545,11
1662001201,0,63545,11
1662004801,0,41304,8
1662008401,0,41304,8
1662012001,0,41304,8
1662015601,0,41304,8
1662019201,0.6,41344,26
1662022801,0.6,49065,30
1662026401,0,41304,8
1662030001,0.6,84500,17
1662033601,0,41304,8
1662040801,0.6,63533,11
1662044401,0,41304,8
1662048001,0,41304,8
1662051601,0,41304,8
1662055201,0,41304,8
1662058802,0.6,63533,11
1662062402,0,41304,8
1662066002,0,39861,9
1662069602,0,41304,8
1662073201,0,41304,8
1662076801,0.6,56553,13
1662080401,0.6,68728,17
1662084001,45.6,64604,361
1662087601,32.4,31064,549
1662091201,1.8,26556,68
1662094801,0.6,56553,13
1662098402,0.6,56553,13
1662105601,0.6,41345,26
1662109201,0.6,40866,27
1662112801,0.6,76314,14
1662116401,0,41304,8
1662120001,0,41304,8
1662123601,1.8,35378,13
1662127201,1.8,29120,45
1662130801,0.6,59789,12
1662134401,0.6,67197,23
1662138001,7.2,21223,251
1662141601,8.4,25458,67
1662145201,0,41314,8
1662148801,0.6,63591,11
1662152401,0.6,73126,15
1662156001,0,41314,8
1662159601,1.2,34163,31
1662163201,10.2,20789,178
1662166801,34.2,62918,245
1662170401,49.8,55089,303
1662174001,36,18974,616
1662177601,34.8,19390,731
1662181202,0,41304,8
1662184801,0,41304,8
1662188402,0,41314,8
1662192001,0.6,41344,26
1662195601,0.6,40866,27
1662202801,0,41304,8
1662206401,0,63603,11
1662210001,1.2,51812,16
1662213601,4.8,21105,160
1662217201,0,63603,11
1662220801,0,41304,8
1662224401,0,41304,8
1662228001,0,41304,8
1662231602,3,31912,36
1662235201,0,41304,8
1662238801,0,39861,9
1662242401,0.6,59800,12
1662246001,0.6,80889,18
1662249601,0,63603,11
1662253201,0.6,60151,13
1662256802,12.6,23283,339
1662260401,42.6,18331,1137
1662264002,0,41304,8
1662267601,0,41304,8
1662271201,0,41304,8
1662274802,0,41314,8
1662282001,0.6,49086,30
1662285601,0,41314,8
1662289201,0,41304,8
1662292801,0,41304,8
1662296401,0.6,35363,13
1662300001,0,41304,8
1662303601,3.6,21249,153
1662307201,18.6,18731,352
1662310801,23.4,19220,450
1662314401,12,19349,150
1662318001,0,41304,8
1662321601,0.6,63603,11
1662325202,0,39861,9
1662328801,0,63603,11
1662332402,0,41304,8
1662336001,0.6,69064,16
1662339601,0.6,60161,13
1662343201,0.6,59811,12
1662346801,0.6,56592,13
1662350401,0,41304,8
1662354001,0,41304,8
1662357601,0,41304,8
1662361201,0,41304,8
1662364802,0,59811,12
1662368401,0.6,41063,45
1662372002,0,41314,8
1662375601,0,41304,8
1662382801,1.2,55239,23
1662386401,0,41304,8
1662390001,0.6,76363,14
1662393601,0,41326,8
1662397201,0,41304,8
1662400801,0.6,59811,12
1662404401,10.8,20178,370
1662408001,12,19494,329
1662411601,0,39861,9
1662415201,0,41314,8
1662418801,4.2,27625,52
1662422401,33,22853,628
1662426001,62.4,25819,972
1662429602,37.8,32786,124
1662433201,60,33118,542
1662436801,46.8,23520,805
1662440401,0,41304,8
1662444002,0,41306,8
1662447601,0,41304,8
1662454801,0.6,40866,27
1662458401,0.6,59817,12
1662462001,0,41304,8
1662465601,0,41304,8
1662469201,1.2,35367,13
1662472801,23.4,22662,107
1662476402,37.8,18603,952
1662480001,34.8,18399,1165
1662483601,30.6,18866,559
1662487202,19.2,18484,362
1662490801,0,41304,8
1662494401,0,41304,8
1662498001,10.2,22169,155
1662501601,4.2,44886,50
1662505201,0,41304,8
1662508801,0,41304,8
1662512401,0.6,60151,13
1662516001,0,41304,8
1662519601,0.6,76363,14
1662523201,0,41304,8
1662526801,0,63615,11
1662530401,8.4,20170,228
1662534001,0.6,59811,12
1662537602,0.6,59800,12
1662541201,0,39861,9
1662544801,0,41304,8
1662548401,0,41304,8
1662555601,1.2,35369,13
1662559201,0,41304,8
1662562802,12.6,20519,237
1662566401,27,18801,726
1662570002,46.8,18278,999
1662573602,34.2,22140,140
1662577201,76.8,21173,1229
1662580801,97.2,18616,807
1662584401,82.8,18116,1468
1662588001,101.4,18315,1922
1662591601,75,18098,1907
1662595201,55.2,21087,161
1662598802,46.2,20013,114
1662602401,61.2,22993,254
1662606001,98.4,18486,558
1662609601,78,18489,1573
1662613202,0,41304,8
1662616801,0,41304,8
1662624002,0.6,44232,29
1662627601,0.6,40866,27
1662631201,0,41304,8
1662634802,0,41304,8
1662638401,3.6,24390,77
1662642001,13.8,19340,277
1662645602,16.8,21789,352
1662649201,19.8,18726,449
1662652801,7.8,20441,200
1662656401,3,21009,112
1662660001,22.8,18391,685
1662663601,11.4,19347,247
1662667201,0,41304,8
1662670801,1.2,47663,17
1662674401,13.2,18988,354
1662678001,18.6,19212,398
1662681601,10.2,18824,218
1662685201,1.8,27093,60
1662688801,0,41304,8
1662692401,0.6,72334,15
1662696001,0.6,63521,11
1662699601,0,41304,8
1662703201,0.6,72334,15
1662710401,0.6,41343,26
1662714001,0.6,40865,27
1662717601,0,41304,8
1662721202,0,41304,8
1662724801,0,41304,8
1662728401,3.6,35366,13
1662732001,19.8,18864,559
1662735602,4.2,19816,101
1662739201,6.6,21468,233
1662742801,3.6,19372,133
1662746401,1.8,38706,9
1662750001,0,41304,8
1662753601,0.6,63521,11
1662757201,0,60588,12
1662760801,0,41304,8
1662764401,4.2,25592,107
1662768001,2.4,24317,79
1662771601,0,41277,10
1662775201,0,41304,8
1662778801,3,26616,58
1662782401,4.8,23561,146
1662786001,0,41304,8
1662789601,0,41304,8
1662793202,0,41304,8
1662796801,0.6,41343,26
1662800401,0.6,40866,27
1662804001,0,41304,8
1662811201,0,41304,8
1662814801,1.2,48004,18
1662818401,0,41304,8
1662822002,0.6,76217,14
1662825601,15,19181,413
1662829201,22.8,20020,91
1662832801,26.4,19170,417
1662836401,24.6,19092,166
1662840001,0,41304,8
1662843601,0,60588,12
1662847201,16.8,19976,447
1662850801,0.6,63521,11
1662854401,13.2,35903,63
1662858001,9.6,26798,62
1662861601,7.8,19005,180
1662865201,6.6,20310,214
1662868801,3.6,19382,132
1662872401,4.8,21823,130
1662876002,3.6,19438,127
1662879601,4.8,21823,130
1662883201,3.6,19393,131
1662886801,4.8,24227,149
1662890401,4.2,21883,128
1662894001,4.2,21823,130
1662897601,3,19404,130
1662904801,3.6,19404,130
1662908401,4.8,21884,128
1662912001,3,19450,126
1662915601,7.8,20934,169
1662919201,4.2,21824,130
1662922802,1.2,43026,20
1662926402,2.4,65063,24
1662930001,0,39861,9
1662933601,0,41304,8
1662937201,7.2,26740,93
1662940801,2.4,21424,54
1662944401,3,46706,30
1662948001,0,41304,8
1662951601,0.6,63537,11
1662955201,0.6,72348,15
1662958802,0,41304,8
1662962401,0,41304,8
1662969601,0.6,41344,26
1662973201,0.6,40866,27
1662976801,0,41304,8
1662980401,0,41304,8
1662984001,0,41304,8
1662987602,0.6,35370,13
1662991201,4.2,23483,148
1662994801,3,22367,114
1662998401,0,63561,11
1663002001,7.8,23926,137
1663005602,70.2,18134,1743
1663009201,41.4,19875,263
1663012801,33,21224,154
1663016401,37.2,18391,466
1663020001,40.2,18947,575
1663023601,70.2,18554,1172
1663027201,57,21508,217
1663030801,40.8,18784,873
1663034401,38.4,19138,300
1663038002,31.8,18693,692
1663041601,31.2,18635,752
1663045201,5.4,24881,27
1663048801,0,41304,8
1663052401,0,41304,8
1663056001,0.6,41344,26
1663063201,0.6,76327,14
1663066801,0,41304,8
1663070401,0,41304,8
1663074002,2.4,51830,16
1663077601,0,41304,8
1663081201,0,41304,8
1663084801,0,41304,8
1663088402,0,63591,11
1663092001,0,41304,8
1663095601,0.6,56553,13
1663099202,7.8,22858,167
1663102801,1.8,22445,44
1663106401,0,41304,8
1663110001,0,41304,8
1663113601,0,41304,8
1663117202,0,41277,10
1663120802,0,41304,8
1663124401,0,41304,8
1663128001,0,41304,8
1663131601,0,41304,8
1663135201,0,63696,11
1663138801,0,41304,8
1663142401,0.6,56731,32
1663146001,0.6,40866,27
1663153201,0,41304,8
1663156801,0,41304,8
1663160401,1.2,51882,16
1663164002,0,41304,8
1663167601,0,41304,8
1663171201,0,41304,8
1663174801,12.6,19488,331
1663178401,9,19410,349
1663182001,18.6,18623,411
1663185601,17.4,20186,227
1663189201,12,22851,235
1663192801,24,18464,625
1663196401,33.6,18629,762
1663200001,42,18751,643
1663203601,34.2,18505,434
1663207201,27,20646,188
1663210801,28.2,18731,660
1663214401,27,18206,785
1663218001,6.6,24189,30
1663221601,0,41304,8
1663225201,0,41304,8
1663228801,0.6,41345,26
1663236001,0,63766,11
1663239602,0,41304,8
1663243202,0,41304,8
1663246802,1.8,35363,13
1663250401,0.6,59949,12
1663254001,6.6,23006,100
1663257601,3.6,21843,130
1663261201,2.4,20634,70
1663264801,0,41304,8
1663268401,0,41304,8
1663272001,0,41304,8
1663275602,2.4,34034,32
1663279201,0,41304,8
1663282801,1.2,40535,11
1663286401,1.8,50334,20
1663290002,0.6,60309,13
1663293601,6,47312,28
1663297202,0.6,40739,10
1663300801,0.6,63801,11
1663304402,0,41304,8
1663308001,0,63801,11
1663311601,0,41304,8
1663318802,0.6,40866,27
1663322401,0,41304,8
1663326001,0,41304,8
1663329602,0,41304,8
1663333201,0.6,35372,13
1663336802,0,41304,8
1663340401,1.2,53989,14
1663344002,0,41304,8
1663347601,0,41304,8
1663351202,0,41304,8
1663354801,4.8,25076,71
1663358402,3.6,19404,130
1663362001,4.2,21899,131
1663365601,3,19426,128
1663369201,4.8,21763,133
1663372801,5.4,21912,128
1663376401,1.8,25736,30
1663380002,0,41304,8
1663383601,0,41304,8
1663387201,0.6,63894,11
1663390801,0,41304,8
1663394401,0,41304,8
1663398001,0,41304,8
1663405201,0.6,40866,27
1663408801,0,63894,11
1663412401,0,41304,8
1663416001,0,41304,8
1663419602,0.6,35354,13
1663423201,0,41304,8
1663426801,0.6,48462,27
1663430401,7.8,18930,194
1663434001,3.6,24362,79
1663437602,0,41304,8
1663441201,0,41304,8
1663444802,0,63894,11
1663448401,0,39861,9
1663452001,0,41304,8
1663455601,0,63940,11
1663459202,0.6,69528,16
1663462801,0,41277,10
1663466402,0,41304,8
1663470001,0,41304,8
1663473601,0,41304,8
1663477201,0,41304,8
1663480801,0,41304,8
1663484401,0.6,72965,15
1663488001,0.6,41343,26
1663491601,0.6,48205,31
1663498801,0,41304,8
1663502401,0,41304,8
1663506001,0.6,35370,13
1663509601,0,41304,8
1663513201,0.6,72982,15
1663516801,0,41304,8
1663520401,0,41304,8
1663524001,0,41304,8
1663527601,0,41304,8
1663531201,0.6,66510,17
1663534802,0,39861,9
1663538401,0.6,76912,14
1663542002,0.6,76912,14
1663545601,0.6,54107,14
1663549201,0,41277,10
1663552801,0.6,63964,11
1663556401,0,41304,8
1663560001,0.6,60152,12
1663563601,0,41304,8
1663567201,0,41304,8
1663570802,0.6,63987,11
1663578001,0.6,40866,27
1663581601,0,41304,8
1663585201,0,41304,8
1663588801,0,41304,8
1663592401,0.6,35369,13
1663596001,0,41304,8
1663599601,3.6,25341,77
1663603201,24,19178,554
1663606801,49.8,18262,1052
1663610402,60,18519,1105
1663614001,36.6,24655,563
1663617602,30,19126,868
1663621201,3.6,37667,10
1663624801,45.6,18510,935
1663628401,54,18410,1145
1663632001,33.6,18763,637
1663635601,0,41277,10
1663639201,0,63999,11
1663642801,0.6,76967,14
1663646401,0,41304,8
1663650001,0,63999,11
1663653601,0,41304,8
1663657201,0,41304,8
1663664401,0.6,40866,27
1663668001,0,41304,8
1663671601,1.2,51758,15
1663675201,1.2,30964,39
1663678801,1.8,52116,16
1663682401,0,41304,8
1663686001,0,64047,11
1663689601,0.6,73103,15
1663693201,9,20054,243
1663696801,27,18901,376
1663700401,13.2,19504,330
1663704002,0.6,81589,13
1663707601,6.6,26872,130
1663711201,33.6,18619,779
1663714802,36,25187,439
1663718401,17.4,24148,82
1663722001,3.6,19775,129
1663725601,25.2,19967,274
1663729201,19.2,18634,792
1663732801,0,41304,8
1663736401,0,64045,11
1663740001,0,41304,8
1663743601,0,41304,8
1663747201,0.6,41345,26
1663750801,0.6,40866,27
1663758001,0,64033,11
1663761601,0,41304,8
1663765201,1.2,35375,13
1663768801,6,28986,46
1663772401,0,41304,8
1663776001,0.6,62600,19
1663779601,0,41304,8
1663783201,15,22136,243
1663786801,31.2,19040,1041
1663790401,19.8,19259,224
1663794002,9,24000,139
1663797601,15.6,18842,651
1663801201,0,41304,8
1663804801,0.6,60259,12
1663808401,0,41277,10
1663812001,38.4,18614,976
1663815601,39.6,18782,825
1663819201,40.8,18168,1852
1663822801,0,64115,11
1663826401,0,41304,8
1663830001,0,68734,10
1663833602,0.6,40476,27
1663837201,0.6,49286,30
1663840801,0,41304,8
1663844401,0.6,64150,11
1663851601,3,35364,13
1663855201,0,41304,8
1663858801,0,41304,8
1663862401,0,64164,11
1663866002,0,41304,8
1663869601,0,41304,8
1663873201,56.4,18223,2553
1663876802,37.8,18398,1277
1663880401,25.8,43427,236
1663884001,30,22002,502
1663887602,27,19780,462
1663891201,28.8,18978,511
1663894801,28.2,18677,336
1663898401,28.2,19218,412
1663902002,25.2,18529,342
1663905601,0,38096,9
1663909202,0,41304,8
1663912801,0,64188,11
1663916401,0,41304,8
1663920001,0.6,41343,26
1663923601,0.6,40865,27
1663927201,0,41304,8
1663930801,0,41304,8
1663934402,0,41304,8
1663941601,0,64176,11
1663945201,12.6,20058,245
1663948801,0,41304,8
1663952402,0.6,64188,11
1663956001,0,41304,8
1663959602,4.8,22443,114
1663963201,0.6,57516,21
1663966801,0,61209,12
1663970401,0,41304,8
1663974001,0,41304,8
1663977601,0.6,57089,13
1663981201,0.6,60676,13
1663984802,0,41304,8
1663988401,0,41304,8
1663992001,0,41304,8
1663995601,0,41304,8
1663999201,0,41304,8
1664002801,0,64223,11
1664006401,0.6,41344,26
1664010001,0.6,40866,27
1664017201,0,41304,8
1664020801,0,41304,8
1664024401,0.6,35368,13
1664028001,0,41304,8
1664031601,5.4,25397,112
1664035201,0.6,38708,9
1664038801,0,64199,11
1664042401,0,41304,8
1664046001,0,41304,8
1664049601,0,41304,8
1664053201,0,39861,9
1664056802,0.6,64257,11
1664060401,0,41304,8
1664064001,0.6,60401,12
1664067601,0,68477,11
1664071201,0.6,57135,13
1664074801,0,41304,8
1664078401,0.6,57138,13
1664082001,0,41304,8
1664085601,0,41304,8
1664089201,0.6,64257,11
1664092801,0.6,41344,26
1664096401,0.6,40866,27
1664100001,0,41304,8
1664103601,0,41304,8
1664110801,0.6,35370,13
1664114401,0,41304,8
1664118001,0,41304,8
1664121601,0,41304,8
1664125202,0,41304,8
1664128801,0,41304,8
1664132401,0,64256,11
1664136001,0,64257,11
1664139601,0,39863,9
1664143201,0,41304,8
1664146801,0,41304,8
1664150401,0,41304,8
1664154001,0,41278,10
1664157601,0,64282,11
1664161201,0.6,64292,11
1664164801,6.6,22574,111
1664168401,42.6,18249,704
1664172001,0,41306,8
1664175601,0,41304,8
1664179201,1.2,47992,31
1664186402,0,41306,8
1664190002,0,41304,8
1664193601,0,41304,8
1664197202,1.2,52286,16
1664200801,0.6,60435,12
1664204401,0,68930,10
1664208001,0,38709,9
1664211601,0,41306,8
1664215201,0,41306,8
1664218801,0,41304,8
1664222401,0.6,64292,11
1664226002,0,39861,9
1664229601,0,41304,8
1664233201,0,41304,8
1664236801,0.6,57158,13
1664240401,0,41277,10
1664244001,0,41304,8
1664247602,0,41304,8
1664251201,0.6,77447,14
1664254801,1.2,51317,19
1664258402,0,41304,8
1664262001,0,41304,8
1664265601,0.6,41344,26
1664269201,0.6,63316,35
1664272802,0.6,60440,12
1664276401,0,41304,8
1664280001,0,41304,8
1664287201,0,64292,11
1664290801,0,41304,8
1664294402,0.6,73466,15
1664298001,0,41304,8
1664301601,0,41304,8
1664305201,0,41314,8
1664308801,0.6,60465,12
1664312401,0,39861,9
1664316001,0,41304,8
1664319601,0,41304,8
1664323201,4.2,40761,65
1664326801,0.6,55091,15
1664330402,0,41304,8
1664334001,0,41304,8
1664337602,0,64374,11
1664341201,0,41304,8
1664344801,0.6,35353,13
1664348401,0,41304,8
1664352001,0.6,41344,26
1664355601,0.6,50461,29
1664359201,0,38708,9
1664362801,0,41304,8
1664370002,0.6,77593,14
1664373601,0,41304,8
1664377201,0.6,64397,11
1664380801,0,41304,8
1664384401,0,41304,8
1664388001,0,41304,8
1664391601,0,41304,8
1664395201,0,41304,8
1664398801,0.6,82920,18
1664402401,0,41304,8
1664406002,0,41304,8
1664409601,0,41304,8
1664413201,0,41277,10
1664416801,0,41304,8
1664420401,8.4,19744,302
1664424001,0.6,77666,14
1664427601,0,41304,8
1664431201,0.6,35354,13
1664438401,0.6,48043,31
1664442001,0.6,40865,27
1664445602,0,41304,8
1664449201,0,41304,8
1664452801,0,41304,8
1664456401,0.6,64467,11
1664460001,0,41304,8
1664463601,0,64467,11
1664467202,0,64467,11
1664470801,9,32878,161
1664474402,9.6,19913,417
1664478001,1.8,38708,9
1664481601,0,41304,8
1664485202,0,61455,12
1664488802,0,41304,8
1664492402,0,41304,8
1664496001,0,41304,8
1664499601,0,41277,10
1664503201,0,41304,8
1664506802,0,41304,8
1664510401,0.6,82613,23
1664514002,0,41304,8
1664517601,1.2,52428,16
1664521201,0,64502,11
1664524802,0.6,41343,26
1664528401,0.6,48401,31
1664532001,0.6,64502,11
1664535601,0,41304,8
1664539202,0,64490,11
1664546401,0,41304,8
1664550001,3,27943,84
1664553602,0.6,52089,15
1664557201,0,41304,8
1664560801,0,41304,8
1664564401,0,41304,8
1664568001,0,41304,8
1664571601,0,39861,9
1664575201,7.8,19491,215
1664578802,0,63673,11
1664582401,0.6,59490,12
1664586001,0,41277,10
1664589601,0,41304,8
1664593202,0,41304,8
1664596801,0,41304,8
1664600401,0,41304,8
1664604001,0,41304,8
1664607601,0.6,35363,13
1664614802,0.6,49112,30
1664618401,0,41304,8
1664622001,0,41304,8
1664625601,0,41304,8
1664629201,0,41304,8
1664632801,0,41304,8
1664636401,0,41304,8
1664640001,0,41304,8
1664643601,0,41304,8
1664647201,0.6,63673,11
1664650802,0,41304,8
1664654401,7.2,18108,119
1664658001,1.8,22601,26
1664661601,16.8,28989,258
1664665201,0,41304,8
1664668801,0.6,59458,12
1664672401,0,41277,10
1664676001,0,41304,8
1664679601,0,41304,8
1664683201,0,41304,8
1664686801,0,41304,8
1664690401,0,41304,8
1664694001,0.6,35357,13
1664697601,0.6,41344,26
1664701202,0.6,40877,29
1664704801,0,41304,8
1664708401,0.6,63638,11
1664712001,0,41304,8
1664719201,0,38209,9
1664722802,0,41304,8
1664726401,0,41304,8
1664730001,0,41304,8
1664733601,0,41304,8
1664737201,0,41314,8
1664740801,0,41304,8
1664744401,0,39861,9
1664748001,0,41304,8
1664751601,0,41304,8
1664755201,0,41304,8
1664758801,0,41277,10
1664762401,0,41304,8
1664766001,0,41304,8
1664769601,0,41304,8
1664773201,0,41304,8
1664776801,0,41304,8
1664780402,0.6,35358,13
1664784001,0.6,41344,26
1664791201,0,41304,8
1664794802,0,41304,8
1664798401,0,41304,8
1664802001,0,41304,8
1664805601,0,63615,11
1664809201,0,41304,8
1664812801,0,63615,11
1664816401,0,59434,12
1664820002,0.6,55902,13
1664823601,0,41304,8
1664827201,0,41304,8
1664830802,0,39861,9
1664834402,0,41304,8
1664838001,0,41304,8
1664841601,0.6,62417,18
1664845201,0,41277,10
1664848802,0,41304,8
1664852401,0,41304,8
1664856001,0,41304,8
1664859601,0,41304,8
1664863201,0,41304,8
1664866802,0,41304,8
1664870401,1.2,38844,31
1664877601,0,41304,8
1664881201,0,63638,11
1664884801,0,41304,8
1664888401,0,41304,8
1664892001,0,41304,8
1664895601,0,41304,8
1664899201,0,41304,8
1664902802,0,41304,8
1664906401,0,41304,8
1664910001,0,41304,8
1664913601,0,41304,8
1664917201,0,39861,9
1664920801,0,41304,8
1664924401,0,41304,8
1664928001,0,41304,8
1664931601,0,41277,10
1664935201,0,41304,8
1664938801,0,41304,8
1664942401,0,41304,8
1664946002,0,41304,8
1664949601,0.6,59512,12
1664953201,0,41304,8
1664960401,0.6,45879,33
1664964001,0,41304,8
1664967601,0,41304,8
1664971202,0,41304,8
1664974801,0,41304,8
1664978401,0,63696,11
1664982001,0,41304,8
1664985601,0,41304,8
1664989201,0,41304,8
1664992801,0,41304,8
1664996401,0,41304,8
1665000001,0,41304,8
1665003601,0,39861,9
1665007201,0,41304,8
1665010801,1.2,26949,41
1665014401,0.6,59522,12
1665018001,0,41277,10
1665021601,0,41304,8
1665025201,0,41304,8
1665028801,0,41304,8
1665032401,0,41304,8
1665036001,0,41304,8
1665039601,0,41304,8
1665043201,1.2,38844,31
1665050401,0,41304,8
1665054001,0,41304,8
1665057601,0,41304,8
1665061201,0,41304,8
1665064801,0,41304,8
1665068402,0,41304,8
1665072001,0,41304,8
1665075601,0,41304,8
1665079201,0,41304,8
1665082801,0.6,77465,14
1665086402,0,64316,11
1665090002,0,39861,9
1665093602,1.2,70368,16
1665097201,1.8,77502,14
1665100801,0.6,64339,11
1665104401,0.6,60774,13
1665108002,0,41304,8
1665111601,0,64339,11
1665115202,0,64339,11
1665118801,0,41304,8
1665122401,0,41304,8
1665126001,0,41304,8
1665129601,1.2,38849,31
1665133201,0.6,40866,27
1665140401,0,41304,8
1665144002,0,41304,8
1665147601,0,64336,11
1665151201,0,41304,8
1665154801,0,41304,8
1665158401,0,41304,8
1665162001,0,41304,8
1665165601,0,41304,8
1665169201,0,41304,8
1665172801,0,41304,8
1665176401,0,39861,9
1665180001,0,41304,8
1665183601,0,41304,8
1665187201,0,41304,8
1665190802,0,41277,10
1665194401,0,41304,8
1665198001,0,41304,8
1665201601,0,64432,11
1665205201,0,41304,8
1665208801,0,41304,8
1665212401,0,41304,8
1665216001,0.6,41344,26
1665219601,1.2,38520,32
1665223201,0,41304,8
1665230401,0,41304,8
1665234001,0,41304,8
1665237601,0,41304,8
1665241201,0,41304,8
1665244801,0,41304,8
1665248402,0,41304,8
1665252002,0,41304,8
1665255601,0,41304,8
1665259202,0,41304,8
1665262802,0,39861,9
1665266401,0,41304,8
1665270001,0,41304,8
1665273601,0,41304,8
1665277201,0,41277,10
1665280801,0,64455,11
1665284401,0,41304,8
1665288001,0,41304,8
1665291601,0,64455,11
1665295201,0,41304,8
1665298801,0,64455,11
1665302401,0.6,41344,26
1665306001,1.2,38519,32
1665313201,0,41304,8
1665316801,0,41304,8
1665320401,0,41304,8
1665324002,0,41304,8
1665327601,0,41304,8
1665331202,0,41304,8
1665334801,0,41304,8
1665338401,0,41304,8
1665342001,0,41304,8
1665345601,0,41304,8
1665349201,0,39861,9
1665352802,0,41304,8
1665356401,0,41304,8
1665360001,0.6,60519,12
1665363601,0,41277,10
1665367201,0,41304,8
1665370801,0,41304,8
1665374401,0,41304,8
1665378002,0,41304,8
1665381602,0,41304,8
1665385202,0,41304,8
1665388802,0.6,41344,26
1665396001,0,41304,8
1665399602,0,41304,8
1665403201,0,41304,8
1665406801,0,41304,8
1665410401,0,41304,8
1665414001,0,41304,8
1665417602,0,41304,8
1665421202,0,41304,8
1665424802,0,60519,12
1665428401,0,64385,11
1665432001,0,41304,8
1665435601,0.6,61380,12
1665439201,1.2,77263,25
1665442801,0,41304,8
1665446401,0.6,60540,12
1665450001,0,41277,10
1665453601,0,41304,8
1665457201,0,41304,8
1665460801,0,41304,8
1665464402,0,41304,8
1665468001,0,41304,8
1665471601,0,41304,8
1665475201,0.6,41344,26
1665478802,1.2,38511,32
1665482401,0,41304,8
1665489602,0.6,64420,11
1665493201,0,41304,8
1665496801,0.6,54470,14
1665500401,0,41304,8
1665504002,0,41304,8
1665507601,0,41304,8
1665511201,0,41304,8
1665514801,0,41304,8
1665518401,0,64420,11
1665522001,0.6,82963,18
1665525601,0,41304,8
1665529201,0,41304,8
1665532801,0,64420,11
1665536402,0.6,60882,13
1665540002,0,41304,8
1665543601,0,41304,8
1665547201,0,41304,8
1665550802,0,41304,8
1665554401,0,41304,8
1665558001,0,41304,8
1665561602,0.6,41344,26
1665565201,1.2,38514,32
1665568801,0,41304,8
1665572401,0,41304,8
1665576001,0,41304,8
1665583201,0,41304,8
1665586801,0,41304,8
1665590401,0,41304,8
1665594002,0,41304,8
1665597602,0,41304,8
1665601201,0,41304,8
1665604802,0,64001,11
1665608401,0,39861,9
1665612001,0,41304,8
1665615601,0,41304,8
1665619202,0.6,60177,12
1665622801,0,41277,10
1665626401,0,64013,11
1665630001,0,41304,8
1665633602,0,41304,8
1665637202,0,41304,8
1665640802,0,41304,8
1665644401,0,41304,8
1665651601,0.6,40866,27
1665655201,0.6,35351,13
1665658801,0.6,76971,14
1665662401,0.6,60167,12
1665666001,0,41304,8
1665669601,0,41304,8
1665673201,0,41304,8
1665676802,0,41304,8
1665680401,0,41304,8
1665684001,0,41304,8
1665687601,0,41304,8
1665691201,0,41304,8
1665694802,0,39861,9
1665698401,0,41304,8
1665702001,0.6,60188,12
1665705601,0,64025,11
1665709202,0,41277,10
1665712802,0,41304,8
1665716401,1.2,64036,11
1665720001,0.6,85432,17
1665723601,0,41304,8
1665727201,0,41304,8
1665730801,0,64036,11
1665738001,0.6,40866,27
1665741601,0.6,35354,13
1665745201,0,64083,11
1665748802,0.6,60241,12
1665752401,0,41304,8
1665756002,0.6,64083,11
1665759602,0,41304,8
1665763201,0,68710,10
1665766802,0,38708,9
1665770402,0,41304,8
1665774001,0,41304,8
1665777601,0,41304,8
1665781201,0,39861,9
1665784802,0,41304,8
1665788401,0,41304,8
1665792002,0,41304,8
1665795601,0,41277,10
1665799202,0,41304,8
1665802801,0,41304,8
1665806401,0,41304,8
1665810002,0,41304,8
1665813601,0,41304,8
1665817201,0,64118,11
1665820801,0.6,41344,26
1665824401,0.6,40866,27
1665828001,0.6,35348,13
1665831602,0,41304,8
1665835201,0.6,77136,14
1665842401,0,41304,8
1665846002,0,41304,8
1665849602,0,41304,8
1665853202,0,41304,8
1665856801,0,41304,8
1665860402,0,41304,8
1665864001,0,41304,8
1665867601,0,40004,9
1665871201,0,41304,8
1665874801,0,41304,8
1665878402,0,41304,8
1665882001,0,41277,10
1665885602,0,41304,8
1665889201,0,41304,8
1665892801,0,41304,8
1665896401,0,41304,8
1665900002,0,41304,8
1665903602,0,41304,8
1665907201,0.6,41344,26
1665910801,0.6,40866,27
1665914402,0.6,35348,13
1665918002,0,41304,8
1665921601,0,41304,8
1665928801,0,41304,8
1665932402,0,41304,8
1665936002,0,41304,8
1665939601,0,41304,8
1665943201,0,41304,8
1665946801,0,63315,11
1665950401,0,41304,8
1665954001,0,39861,9
1665957601,0,41304,8
1665961202,0.6,63338,11
1665964801,0,41304,8
1665968401,0,41277,10
1665972002,0,41304,8
1665975601,0,41306,8
1665979201,0,41306,8
1665982802,0,41304,8
1665986402,0,41306,8
1665990001,0,41306,8
1665993602,0.6,41344,26
1665997201,0.6,40867,27
1666000801,0.6,35351,13
1666004401,0,41306,8
1666008001,0,41306,8
1666015202,0,41306,8
1666018802,0,41306,8
1666022402,0,41306,8
1666026001,0,41306,8
1666029601,0,41306,8
1666033201,0,41304,8
1666036802,0,41304,8
1666040401,0,39861,9
1666044001,0,63328,11
1666047601,0,41306,8
1666051202,0,63338,11
1666054801,0,41277,10
1666058401,0,63361,11
1666062001,0,41304,8
1666065601,0,41304,8
1666069201,0,41304,8
1666072801,0,63361,11
1666076401,0,41304,8
1666080001,0.6,41345,26
1666083601,0.6,40866,27
1666087202,0.6,35352,13
1666094402,0,41304,8
1666098001,0,41304,8
1666101601,0,41304,8
1666105201,0,41304,8
1666108802,0,41304,8
1666112401,0,41304,8
1666116001,0,41304,8
1666119601,0,41304,8
1666123201,0,41304,8
1666126802,0,39861,9
1666130401,0,41304,8
1666134002,0,63385,11
1666137602,0.6,63385,11
1666141201,0,41277,10
1666144801,0,41304,8
1666148402,0,41304,8
1666152001,0,41304,8
1666155601,0,41304,8
1666159201,0,41304,8
1666162802,0.6,59601,12
1666166402,0.6,41344,26
1666170002,0.6,40866,27
1666173602,0.6,35351,13
1666177201,0,41304,8
1666180801,0.6,59612,12
1666188002,0,41304,8
1666191601,0,41304,8
1666195201,0.6,56528,13
1666198801,0,41304,8
1666202401,0,41304,8
1666206001,0,41304,8
1666209602,0,41304,8
1666213201,0,39861,9
1666216801,0,41304,8
1666220401,0,41304,8
1666224002,0,41304,8
1666227602,0,41277,10
1666231202,0,41304,8
1666234802,0.6,59793,12
1666238401,0,41304,8
1666242002,0,41304,8
1666245601,0,41304,8
1666249201,0,41304,8
1666252802,0.6,41344,26
1666260001,0,41304,8
1666263602,0.6,35353,13
1666267202,0,41304,8
1666270801,0,41304,8
1666274401,0,41304,8
1666278001,0,41304,8
1666281601,0,41304,8
1666285201,0,41304,8
1666288801,0,41304,8
1666292402,0,41304,8
1666296001,0,41304,8
1666299602,0,39861,9
1666303201,0,41304,8
1666306801,0,41304,8
1666310402,0,41304,8
1666314001,0,41277,10
1666317601,0,41304,8
1666321201,0,63617,11
1666324801,0,63617,11
1666328401,0,41304,8
1666332002,0,63617,11
1666335602,0,41304,8
1666339201,0.6,55504,33
1666342802,0.6,40866,27
1666346402,0,41304,8
1666350002,0.6,35351,13
1666357201,0,41304,8
1666360801,0,41304,8
1666364401,0,41304,8
1666368001,0,41304,8
1666371602,0,41304,8
1666375202,0,41304,8
1666378802,0,41304,8
1666382401,0,41304,8
1666386001,0,39861,9
1666389601,0,41304,8
1666393202,0,41304,8
1666396801,0,41304,8
1666400401,0,41277,10
1666404001,0,41304,8
1666407601,0,73778,9
1666411201,0,36635,10
1666414802,0.6,76390,14
1666418402,0,38708,9
1666422001,0,41304,8
1666425602,0.6,41344,26
1666429202,0.6,40866,27
1666432802,0,41304,8
1666440001,0,41304,8
1666443602,0,41304,8
1666447202,0,41304,8
1666450802,0,41304,8
1666454401,0,41304,8
1666458001,0,41304,8
1666461602,0,41304,8
1666465201,0,41304,8
1666468801,0,41304,8
1666472401,0,39861,9
1666476001,0,41304,8
1666479602,0,41304,8
1666483201,0.6,63676,11
1666486801,0,41277,10
1666490401,0,41304,8
1666494001,0,41304,8
1666497602,0,38096,9
1666501201,0,41304,8
1666504802,0,41304,8
1666508401,0,41304,8
1666512001,0.6,41344,26
1666515601,0.6,40866,27
1666519201,0.6,63676,11
1666526401,0,41304,8
1666530002,0,41304,8
1666533602,0,41304,8
1666537202,0,41304,8
1666540801,0,63676,11
1666544401,0,41304,8
1666548002,0,41304,8
1666551601,0,41304,8
1666555202,0,63676,11
1666558801,0,39861,9
1666562402,0,41304,8
1666566001,0,41304,8
1666569602,0,41304,8
1666573202,0,41275,10
1666576802,0,41304,8
1666580401,0,41304,8
1666584001,0,41304,8
1666587601,0.6,63780,11
1666591201,0,41304,8
1666594801,0.6,59964,12
1666598402,0.6,41344,26
1666605601,0,41304,8
1666609201,0.6,35351,13
1666612801,0,41304,8
1666616401,0,41304,8
1666620001,0,41304,8
1666623601,0,41304,8
1666627201,0,41304,8
1666630801,0,41304,8
1666634401,0,41304,8
1666638001,0,41304,8
1666641601,0,41304,8
1666645201,0,39861,9
1666648801,0,41304,8
1666652401,0,41304,8
1666656001,0,41304,8
1666659601,0.6,60331,13
1666663201,0,41304,8
1666666801,0,56804,13
1666670401,0,41304,8
1666674001,0,41304,8
1666677601,0,41304,8
1666681201,0,41304,8
1666684801,0.6,41344,26
1666688401,0.6,40866,27
1666695601,0.6,35348,13
1666699201,0,41304,8
1666702801,0,41304,8
1666706401,0,41304,8
1666710001,0,41304,8
1666713601,0,41304,8
1666717201,0,41304,8
1666720801,0,41304,8
1666724402,0,41314,8
1666728001,0,41304,8
1666731601,0.6,60943,12
1666735201,0,41304,8
1666738802,0,41304,8
1666742401,0,41304,8
1666746001,0,41277,10
1666749601,0,41304,8
1666753201,0,41304,8
1666756801,0,41304,8
1666760401,0.6,60081,12
1666764001,0,41304,8
1666767601,0,41304,8
1666771202,0.6,41344,26
1666774801,0.6,48191,31
1666778401,0,41304,8
1666785601,0,41304,8
1666789201,0,41304,8
1666792801,0,41304,8
1666796401,0,41304,8
1666800001,0,41304,8
1666803601,0,41304,8
1666807201,0,41304,8
1666810802,0,41304,8
1666814401,0,41304,8
1666818002,0,39861,9
1666821602,0,41304,8
1666825202,0,41304,8
1666828801,0,41304,8
1666832401,0,41277,10
1666836001,0,41304,8
1666839602,0,41304,8
1666843202,0,41304,8
1666846801,0,41304,8
1666850401,0,41304,8
1666854001,0.6,59452,12
1666857601,0.6,49654,29
1666861201,0.6,40866,27
1666864802,0,41304,8
1666872001,0,41304,8
1666875601,0,41304,8
1666879201,0,41304,8
1666882801,0,63792,11
1666886402,0,63792,11
1666890001,0,41304,8
1666893602,0.6,76642,14
1666897201,0,41304,8
1666900801,0,41304,8
1666904402,0,39861,9
1666908002,0,41304,8
1666911602,0,41304,8
1666915201,0,41304,8
1666918801,0,41277,10
1666922401,0,41304,8
1666926001,0,41304,8
1666929601,0,63839,11
1666933201,0,41304,8
1666936802,0,41304,8
1666940402,0,41304,8
1666944002,0.6,41344,26
1666947601,0.6,40866,27
1666951201,0.6,63839,11
1666958401,0,63839,11
1666962001,0,63839,11
1666965602,0,41304,8
1666969202,0,41304,8
1666972801,0,41304,8
1666976401,0,41304,8
1666980002,0,41304,8
1666983601,0,41304,8
1666987201,0,41304,8
1666990801,0,39861,9
1666994402,0,41304,8
1666998002,0,41304,8
1667001601,0,41304,8
1667005201,0,41277,10
1667008801,0.6,64025,11
1667012401,0,41304,8
1667016001,0,41304,8
1667019602,0,41304,8
1667023201,0,41304,8
1667030401,0.6,41344,26
1667034001,0.6,40866,27
1667037601,0,41304,8
1667041202,0,41304,8
1667044801,0.6,35352,13
1667048401,0,41304,8
1667052001,0,41304,8
1667055601,0,41304,8
1667059201,0,41304,8
1667062801,0,41304,8
1667066401,0,41304,8
1667070001,0,41304,8
1667073601,0,41304,8
1667077201,0,39861,9
1667080801,0,41304,8
1667084402,0,64048,11
1667088001,0,41304,8
1667091601,0.6,60528,13
1667095201,0,41304,8
1667098801,0,41304,8
1667102401,0,41304,8
1667106002,0,41304,8
1667109601,0,41304,8
1667113201,0,41304,8
1667120402,0.6,40866,27
1667124001,0,41304,8
1667127602,0,41304,8
1667131201,0.6,35351,13
1667134801,0,41304,8
1667138402,0,41304,8
1667142001,0,41304,8
1667145601,0,41304,8
1667149201,0,41304,8
1667152801,0,41304,8
1667156401,0,41304,8
1667160001,0,41304,8
1667163601,0,39861,9
1667167202,0,41304,8
1667170802,0,41304,8
1667174401,0,41304,8
1667178001,0,41277,10
1667181601,0,41304,8
1667185202,0,41304,8
1667188801,0,41304,8
1667192402,0,41304,8
1667196001,0,41304,8
1667199601,0,41304,8
1667203201,0.6,41343,26
1667206801,0.6,49252,30
1667210402,0,41304,8
1667214001,0,41304,8
1667217602,0.6,35351,13
1667224801,0,41304,8
1667228401,0.6,49653,16
1667232002,0,41304,8
1667235601,0.6,60209,12
1667239201,0,41304,8
1667242801,0.6,77063,14
1667246401,0,41304,8
1667250002,0,39861,9
1667253601,0,41304,8
1667257202,0,41304,8
1667260801,0,41304,8
1667264401,0,41277,10
1667268001,0,41304,8
1667271601,0,41304,8
1667275202,0,41304,8
1667278801,0,41304,8
1667282402,0,41304,8
1667286001,0,41304,8
1667289601,0.6,41344,26
1667293202,0.6,40866,27
1667300402,0,41304,8
1667304001,0.6,35352,13
1667307601,0,41304,8
1667311201,0,41304,8
1667314801,0,41304,8
1667318402,0,41304,8
1667322002,0,41304,8
1667325602,0,41304,8
1667329201,0,41304,8
1667332801,0,41304,8
1667336401,0,39861,9
1667340001,0,41304,8
1667343601,0,41304,8
1667347201,0,41304,8
1667350801,0,41277,10
1667354401,0.6,64129,11
1667358001,0,64129,11
1667361602,0,41304,8
1667365201,0,64129,11
1667368801,0,41304,8
1667372401,0,41304,8
1667379601,0.6,40866,27
1667383201,0,41304,8
1667386801,0,41304,8
1667390402,0.6,35348,13
1667394001,0,41304,8
1667397601,0,41304,8
1667401202,0,41304,8
1667404801,0,41304,8
1667408402,0,41304,8
1667412001,0.6,64129,11
1667415601,0,41304,8
1667419201,0,41304,8
1667422802,0,39861,9
1667426401,0,41304,8
1667430001,0,41304,8
1667433601,0,41304,8
1667437201,0,41277,10
1667440801,0,41304,8
1667444401,0,41304,8
1667448002,0,41304,8
1667451601,0,41304,8
1667455202,0,41304,8
1667458802,0,41304,8
1667462401,0.6,41344,26
1667466002,0.6,40866,27
1667469601,0,41304,8
1667473201,0,41304,8
1667476802,0.6,34935,37
1667484001,0,41304,8
1667487601,0,41304,8
1667491201,0,41304,8
1667494802,0,41304,8
1667498401,0,41304,8
1667502002,0,41304,8
1667505601,0,64183,11
1667509202,0,39861,9
1667512801,0,41304,8
1667516401,0,64195,11
1667520001,0,41304,8
1667523601,0,41277,10
1667527201,0,41304,8
1667530801,0,41304,8
1667534401,0,41304,8
1667538001,0,41304,8
1667541601,0,41304,8
1667545201,0,41304,8
1667548801,0.6,50076,29
1667552401,0.6,40866,27
1667559601,0,41304,8
1667563201,0,41304,8
1667566802,0.6,34954,37
1667570401,0,41304,8
1667574001,0,41304,8
1667577601,0,64346,11
1667581202,0,41304,8
1667584801,0.6,57287,13
1667588401,0,41304,8
1667592001,0,41304,8
1667595601,0,39861,9
1667599201,0,41304,8
1667602801,0,41304,8
1667606401,0.6,60565,12
1667610002,0,41277,10
1667613602,0,41304,8
1667617201,0,41304,8
1667620802,0,41304,8
1667624401,0,41304,8
1667628001,0,41304,8
1667631601,0,41304,8
1667635201,0.6,41345,26
1667638801,0.6,40866,27
1667642401,0,41300,8
1667646002,0,41304,8
1667653201,0.6,35078,37
1667656801,0,41304,8
1667660401,0,41304,8
1667664001,0,41304,8
1667667601,0,41304,8
1667671202,0,41304,8
1667674801,0,41304,8
1667678401,0,41304,8
1667682001,0,39858,9
1667685601,0,41304,8
1667689201,0,41304,8
1667692801,0,41300,8
1667696401,0,41277,10
1667700001,0,41304,8
1667703602,0,41304,8
1667707201,0,41304,8
1667710802,0,41304,8
1667714401,0,41304,8
1667718001,0,41304,8
1667721602,0.6,41344,26
1667728801,0,41304,8
1667732401,0,41304,8
1667736002,0,41304,8
1667739601,0.6,34852,37
1667743201,0,41304,8
1667746801,0,41304,8
1667750401,0,41304,8
1667754001,0,41304,8
1667757601,0,41304,8
1667761201,0,41304,8
1667764801,0,41304,8
1667768401,0,61355,12
1667772001,0,41304,8
1667775602,0,41304,8
1667779201,0,64358,11
1667782801,0,41277,10
1667786401,0,41304,8
1667790001,0,64358,11
1667793602,0,41304,8
1667797201,0,41304,8
1667800801,0.6,64358,11
1667804402,0,41304,8
1667808002,0.6,41344,26
1667815201,0,41304,8
1667818802,0,41304,8
1667822401,0,41304,8
1667826001,0.6,35079,37
1667829601,0,41304,8
1667833201,0,41304,8
1667836802,0,41304,8
1667840401,0,41304,8
1667844001,0,41304,8
1667847602,0,41304,8
1667851202,0,41304,8
1667854801,0,39861,9
1667858401,0,41304,8
1667862001,0,64358,11
1667865601,0.6,64358,11
1667869201,0,41277,10
1667872801,0,41304,8
1667876401,0,41304,8
1667880001,0,41304,8
1667883601,0,41304,8
1667887201,0,41304,8
1667890802,0,41304,8
1667894401,0.6,41345,26
1667898001,0.6,40866,27
1667901601,0,41304,8
1667905201,0,41304,8
1667908801,0,41304,8
1667916002,0,41304,8
1667919601,0,41304,8
1667923201,0,41304,8
1667926802,0,41304,8
1667930402,0,41304,8
1667934002,0,41324,8
1667937601,0,64381,11
1667941201,0,39861,9
1667944801,0,41304,8
1667948401,0,41304,8
1667952001,0,41304,8
1667955601,0,41277,10
1667959202,0,41304,8
1667962801,0,41304,8
1667966401,0,41306,8
1667970001,0,41304,8
1667973601,0,41304,8
1667977201,0,41306,8
1667980801,0.6,41346,26
1667984401,0.6,40867,27
1667991602,0,41306,8
1667995201,0,41306,8
1667998801,0.6,35093,37
1668002401,0,41306,8
1668006001,0,41306,8
1668009601,0,41306,8
1668013201,0,41304,8
1668016801,0,41306,8
1668020401,0,41306,8
1668024001,0,41306,8
1668027601,0,39863,9
1668031201,0,41306,8
1668034802,0,41306,8
1668038401,0,41306,8
1668042001,0,41280,10
1668045601,0,41304,8
1668049202,0,41306,8
1668052801,0,41306,8
1668056401,0,41304,8
1668060001,0,41304,8
1668063601,0,41304,8
1668067201,0.6,41343,26
1668070802,0.6,40865,27
1668074401,0,41304,8
1668078001,0,41304,8
1668081601,0,41304,8
1668088801,0,41304,8
1668092401,0,41304,8
1668096001,0,41304,8
1668099601,0,41304,8
1668103201,0,41304,8
1668106801,0,41304,8
1668110401,0,41304,8
1668114001,0,39861,9
1668117601,0,41304,8
1668121201,0,41304,8
1668124801,0,41304,8
1668128401,0,41277,10
1668132001,0,41304,8
1668135601,0,41304,8
1668139201,0,41304,8
1668142801,0,41304,8
1668146401,0,41304,8
1668150001,0,41304,8
1668153602,0.6,41344,26
1668157202,0.6,40866,27
1668164401,0.6,64580,11
1668168002,0,41304,8
1668171601,0.6,35014,37
1668175201,0,41304,8
1668178801,0,41304,8
1668182401,0,41304,8
1668186001,0,41304,8
1668189601,0,41304,8
1668193201,0,41304,8
1668196801,0,41304,8
1668200401,0,39861,9
1668204002,0,41304,8
1668207602,0,41304,8
1668211202,0.6,64569,11
1668214802,0,41277,10
1668218401,0,41304,8
1668222002,0,41304,8
1668225601,0,41304,8
1668229201,0,41304,8
1668232801,0,41304,8
1668236402,0,41304,8
1668240001,0.6,50173,29
1668243601,0.6,40866,27
1668247201,0,41304,8
1668254401,0,41304,8
1668258002,0.6,35131,37
1668261601,0,41304,8
1668265202,0,41304,8
1668268801,0,41304,8
1668272401,0,41304,8
1668276001,0,41304,8
1668279601,0,41304,8
1668283201,0,41304,8
1668286802,0,39861,9
1668290401,0,41304,8
1668294001,0,41304,8
1668297601,0,41304,8
1668301201,0,41277,10
1668304801,0,41304,8
1668308401,0,41304,8
1668312001,0,41304,8
1668315601,0,41304,8
1668319201,0,41304,8
1668322801,0,41304,8
1668326402,0.6,41343,26
1668330002,0.6,40866,27
1668333601,0,41304,8
1668340802,0,41304,8
1668344402,0.6,34842,37
1668348001,0,41304,8
1668351602,0.6,57478,13
1668355201,0,41304,8
1668358801,0,41304,8
1668362401,0,41304,8
1668366001,0,41304,8
1668369601,0,41304,8
1668373202,0.6,58240,13
1668376802,0,41304,8
1668380402,0,41304,8
1668384001,0,64569,11
1668387601,0,41277,10
1668391201,0,41304,8
1668394802,0,41304,8
1668398401,0,41304,8
1668402001,0,41304,8
1668405602,0,41304,8
1668412802,0.6,41344,26
1668416402,0.6,40865,27
1668420001,0,41304,8
1668423601,0,41304,8
1668427201,0,41304,8
1668430801,0.6,35030,37
1668434401,0,64592,11
1668438001,0,41304,8
1668441601,0,41304,8
1668445202,0,41304,8
1668448801,0,41304,8
1668452402,0,41304,8
1668456001,0,64592,11
1668459602,0,39861,9
1668463201,0,41304,8
1668466801,0,41304,8
1668470401,0,41304,8
1668474001,0,41277,10
1668477601,0,41304,8
1668481201,0,41304,8
1668484801,0,41304,8
1668488402,0,41304,8
1668492001,0,41304,8
1668495601,0,41304,8
1668499201,0.6,41343,26
1668502801,0.6,40866,27
1668506401,0,41304,8
1668510001,0,41304,8
1668517201,0.6,35047,37
1668520801,0,41304,8
1668524402,0,41304,8
1668528001,0,41304,8
1668531601,0,41304,8
1668535201,0,41304,8
1668538801,0,41304,8
1668542401,0,41304,8
1668546001,0,39861,9
1668549601,0,64429,11
1668553201,0,41304,8
1668556801,0,64441,11
1668560402,0,41277,10
1668564001,0,41304,8
1668567601,0,41304,8
1668571201,0,41304,8
1668574801,0,41304,8
1668578401,0,41304,8
1668582001,0,41304,8
1668589201,0,39861,9
1668592801,0,41304,8
1668596401,0,41304,8
1668600001,0,41304,8
1668603601,0.6,35133,37
1668607201,0,41304,8
1668610801,0,41304,8
1668614402,0,41277,10
1668618001,0,41304,8
1668621601,0,41304,8
1668625201,0,41304,8
1668628801,0,41304,8
1668632401,0,39861,9
1668636002,0,41304,8
1668639601,0,41304,8
1668643201,0.6,60712,12
1668646802,0,41277,10
1668650401,0,41304,8
1668654002,0,41304,8
1668657601,0,41304,8
1668661201,0,41304,8
1668664801,0,41304,8
1668668401,0,41304,8
1668672002,0.6,41344,26
1668675601,0.6,49440,30
1668682802,0,41304,8
1668686401,0,41304,8
1668690001,0.6,35019,37
1668693602,0,41304,8
1668697201,0,41304,8
1668700802,0,41304,8
1668704401,0,41304,8
1668708001,0,41304,8
1668711602,0,41304,8
1668715201,0,41304,8
1668718801,0,39861,9
1668722402,0,41304,8
1668726002,0,41304,8
1668729601,0,41304,8
1668733202,0,41277,10
1668736801,0,41304,8
1668740401,0,41304,8
1668744001,0,41304,8
1668747601,0,41304,8
1668751201,0,41304,8
1668754801,0,41304,8
1668762001,0.6,50534,29
1668765601,0,38770,9
1668769201,0,41304,8
1668772801,0,41304,8
1668776401,0.6,35133,37
1668780001,0,41304,8
1668783601,0,41304,8
1668787201,0,41304,8
1668790802,0,41304,8
1668794401,0,41304,8
1668798001,0,41304,8
1668801601,0,41304,8
1668805201,0,39861,9
1668808802,0,41304,8
1668812401,0,41304,8
1668816001,0,41304,8
1668819602,0,41277,10
1668823201,0,41304,8
1668826801,0,41304,8
1668830401,0,41304,8
1668834001,0,41304,8
1668837601,0.6,64673,11
1668841202,0,41304,8
1668844801,0.6,41344,26
1668848402,0.6,40866,27
1668852001,0,41304,8
1668855602,0,41304,8
1668862801,0.6,35066,37
1668866401,0,41304,8
1668870001,0,41304,8
1668873601,0,41304,8
1668877201,0,41304,8
1668880801,0,64662,11
1668884401,0,41304,8
1668888001,0,41304,8
1668891601,0,39861,9
1668895201,0,41304,8
1668898801,0,41304,8
1668902402,0,41304,8
1668906001,0,41277,10
1668909601,0,41304,8
1668913201,0,41304,8
1668916801,0,41304,8
1668920401,0,41304,8
1668924001,0,41304,8
1668927601,0,41304,8
1668931201,0.6,41344,26
1668934801,0.6,40866,27
1668942001,0,41304,8
1668945601,0,41304,8
1668949202,0.6,34901,37
1668952801,0,64615,11
1668956401,0,41304,8
1668960001,0,41304,8
1668963601,0,41304,8
1668967201,0,41304,8
1668970801,0,41304,8
1668974402,0,41304,8
1668978002,0,39861,9
1668981601,0,41304,8
1668985201,0,41304,8
1668988801,0.6,60776,12
1668992401,0,41277,10
1668996001,0,41304,8
1668999601,0,41304,8
1669003201,0,41304,8
1669006802,0,41304,8
1669010402,0,41304,8
1669014001,0,41304,8
1669017602,0.6,41344,26
1669021202,0.6,40866,27
1669024801,0,41304,8
1669032001,0,41304,8
1669035601,0.6,35046,37
1669039201,0,41304,8
1669042801,0,41304,8
1669046401,0,41304,8
1669050002,0,41304,8
1669053601,0,41304,8
1669057201,0,41304,8
1669060801,0,41304,8
1669064401,0,39861,9
1669068001,0,41304,8
1669071601,0,41304,8
1669075201,0,41304,8
1669078801,0,41277,10
1669082401,0,41304,8
1669086001,0,41304,8
1669089602,0,41304,8
1669093201,0,41304,8
1669096801,0,41304,8
1669100401,0,41304,8
1669107601,0.6,40866,27
1669111201,0,41304,8
1669114801,0,41304,8
1669118402,0,41304,8
1669122001,1.2,41869,40
1669125601,0,41304,8
1669129201,0,41304,8
1669132801,0,41304,8
1669136402,0,41304,8
1669140001,0,41304,8
1669143602,0,41304,8
1669147201,0,64650,11
1669150801,0,39861,9
1669154401,0,41304,8
1669158001,0,41304,8
1669161601,0.6,54789,14
1669165201,0,41277,10
1669168801,0.6,64673,11
1669172401,0,41304,8
1669176001,0,38096,9
1669179602,0,41304,8
1669183201,0,41304,8
1669186802,0,41304,8
1669190401,0.6,41344,26
1669194001,0.6,40866,27
1669197601,0,41304,8
1669204801,0,41304,8
1669208401,0.6,35133,37
1669212001,0,41304,8
1669215601,0,41304,8
1669219201,0,41304,8
1669222801,0,41304,8
1669226401,0,41304,8
1669230001,0,41304,8
1669233601,0,41304,8
1669237202,0,39861,9
1669240801,0,41304,8
1669244401,0.6,60883,12
1669248001,0,41304,8
1669251601,0,41277,10
1669255201,0,41304,8
1669258801,0,41304,8
1669262401,0,41304,8
1669266002,0,41304,8
1669269602,0,41304,8
1669273202,0,41304,8
1669276801,0.6,41344,26
1669280401,0.6,40865,27
1669287602,0,41304,8
1669291202,0,41304,8
1669294801,0.6,35122,37
1669298401,0,41304,8
1669302001,0,41304,8
1669305602,0,41304,8
1669309201,0,41304,8
1669312801,0,41304,8
1669316402,0.6,64767,11
1669320001,0,41304,8
1669323601,0,39861,9
1669327201,0,41304,8
1669330801,0,41304,8
1669334401,0,41304,8
1669338002,0,41277,10
1669341602,0,41304,8
1669345201,0,64778,11
1669348801,0,41304,8
1669352402,0,41304,8
1669356001,0,41304,8
1669359601,0,41304,8
1669366802,0.6,40866,27
1669370401,0,41304,8
1669374001,0.6,64008,11
1669377601,0,38770,9
1669381201,0.6,35021,37
1669384802,0,41304,8
1669388401,0,41304,8
1669392001,0,41304,8
1669395601,0,41304,8
1669399201,0,41304,8
1669402801,0,41304,8
1669406401,0,41304,8
1669410001,0,39861,9
1669413601,0,41304,8
1669417201,0,41304,8
1669420801,0.6,54871,14
1669424401,0,41277,10
1669428001,0,41300,8
1669431601,0,41304,8
1669435201,0,41304,8
1669438801,0,41304,8
1669442401,0,41304,8
1669446001,0,41304,8
1669453201,0.6,40866,27
1669456802,0,41304,8
1669460401,0,41304,8
1669464001,0,41304,8
1669467601,0.6,35106,37
1669471201,0,41304,8
1669474801,0,41304,8
